-0.000000000000
1.472845458926
1.866069491965
1.199076946547
-0.646337906657
0.921532720119
1.274621790533
0.258860944661
0.028912866149
-0.677112366472
1.986521825088
-0.563213396715
-2.518550660220
-1.194528965521
-0.170591713686
-2.211889280186
3.099877187627
1.687726404612
1.996420171118
2.067528782791
-2.286639253787
2.006518310283
3.097962850871
-1.893153823244
2.448950610605
1.573329697120
1.452331853001
1.417877943866
2.127040012193
1.263011718401
1.027128963129
2.070123798047
1.889582163112
2.595863801346
0.444145646598
1.973156416261
-1.999573996471
1.357873125627
-2.826136587273
3.037651814210
2.156698960123
-1.533481577313
-2.877449090422
2.031681216702
0.278768415659
1.196859792290
0.907686591996
-1.294720063694
1.243191232794
0.000000000000
-0.000000000000
1.586601845630
1.711329051550
1.470825138030
-1.579131383639
1.656598864867
1.442217724613
1.430757473736
1.556590748348
1.661827162625
1.206851332303
1.663072617503
1.688534604717
1.647024274251
1.642453082403
2.067689703606
1.461166937520
1.394018112759
1.528678405096
2.070361224025
1.491252578370
1.850854170578
1.174105165615
1.360004152674
2.146657647477
1.003269121535
1.911210615428
1.690404057311
2.055409253270
-0.995675052114
0.957734310746
1.749473975931
0.964323327187
1.261352677260
0.514598852224
1.895478669653
0.821762883596
1.616081127479
1.456956776719
1.744261665200
0.708441417546
1.645020252160
-1.591420403199
1.858248626544
2.344888358042
1.348861060498
1.773769551550
-2.030549629858
2.765197975481
0.000000000000
-0.000000000000
-1.781514290584
-1.371421900043
-1.576489787547
0.172477063148
-1.381594675512
-1.749624976844
-1.572280706206
-1.886986327325
-1.748622957671
-1.985635871850
-1.468200190782
-2.025370600594
-1.593961150125
-1.553074039078
-1.294310387928
-1.775878218494
-1.440528847215
-1.683026026104
-1.789004203033
-1.562107150579
-1.642672603187
-1.643954718842
-1.333754622325
-1.418850090112
-1.712871052191
-1.333294677117
-1.439582211121
-1.527271625634
-1.618170855120
-1.307636727145
-1.709216917567
-1.214222586713
-0.710192414765
-1.424137088691
-1.366930204550
-1.727407895484
-1.169499876333
-0.716659321268
-2.037553967363
-0.920488121532
-1.301318364235
-1.795377706071
-1.564529244163
-2.220188465427
-1.117384274814
-1.525785640234
-0.202123421634
-1.152269256283
0.000000000000
-0.000000000000
-0.861060027799
-1.406428597048
-1.726518341713
0.243810112130
-1.510878950470
-1.591329384823
-1.588840643521
-1.580197112274
-1.570946885661
-1.556354070668
-1.554733353087
-1.728600824434
-1.612692454148
-1.553483257582
-1.590503207426
-1.563906611774
-1.517811608497
-1.528278737424
-1.538246257586
-1.577611303864
-1.585126048924
-1.589165058031
-1.536645370161
-1.536287716723
-1.523873507835
-1.570825723927
-1.509947217538
-1.542107080963
-1.589562620304
-1.544699814510
-1.588046838398
-1.546706916660
-1.558193638457
-1.482458142130
-1.507774995136
-1.472360300350
-1.502361200816
-1.660050733379
-1.579573967440
-1.491782363861
-1.436645023647
-1.485800538731
-1.635242241790
-1.464274569150
-1.562111294692
-1.531930788584
-1.472577857858
-1.576777310615
0.000000000000
-0.000000000000
-1.702584026651
0.821509549152
1.986861525059
1.561951593368
-1.752534093007
-1.300794044175
-1.499239886201
-1.765772626426
-3.058889325047
-2.542679431746
-1.678745607410
-0.957981262646
2.122705105342
-1.482161674759
-1.878575322743
-2.146330099855
-0.462701723630
-1.624416104219
-1.811546193294
-2.350425616906
-1.929379598020
-1.310201639188
-1.287462424344
-0.609061746535
-1.333775051453
-1.691677881339
-2.132871393744
2.417222173071
-1.065508632248
-2.413288090695
-0.713872124128
2.167271766917
-1.687821805372
-1.945123435699
0.252562520678
-0.589521299181
-1.234247251268
-2.111883977319
-1.902108611362
-0.724900591675
-1.507476812684
-1.973629812562
-2.501798339910
-0.545048476684
-2.303069424122
-1.784024228489
-1.327178773878
-2.840630565200
0.000000000000
-0.000000000000
2.181603394042
1.957674527989
1.485016803004
1.788333478456
1.679727595232
1.833136748699
1.770036423841
1.675871249482
1.679149352735
1.623322680729
1.687499655033
0.802815851826
1.638385041871
1.634182984929
1.658407019037
1.659610182133
1.640059599194
1.615577355670
1.613094716766
1.718576880444
1.613766639795
1.621158106818
1.630770597229
1.611480361972
1.591488527000
1.606725925601
1.615654735918
1.677093925140
1.625342380381
1.581891046604
1.634639156825
1.602756502897
1.600179545612
1.613073081208
1.634089528115
1.584154563475
1.604378457674
1.633272639543
1.642458215975
1.615835166016
1.572602417852
1.593049306959
1.579765117044
1.605067001334
1.595053968878
1.600421783827
1.592027684394
1.571377662257
0.000000000000
-0.000000000000
0.849539776983
-1.437643559457
-1.145031411204
2.233912061888
-2.355633298508
-1.030313351367
-0.838084486903
-0.893289353675
-1.357944540216
-0.907004111337
-1.569330267186
0.036971224210
-1.098812890599
-1.710152293562
-1.404530629861
-1.908531105677
-1.561749872558
-1.520369757061
-1.339372865049
-1.354923163869
-1.362704854958
-1.714322046794
-1.541635467923
-2.201103591049
-1.563060706128
-1.605687368402
-1.558424669659
-2.125625198402
-1.626576757956
-1.367181123275
-1.393766857457
-1.599053571839
-1.517234773515
-1.461335848863
-1.551347313004
-1.740743881531
-1.477174286017
-1.685733022288
-1.710695115060
-1.602256519771
-1.608276816401
-1.765970175780
-1.378143419571
-1.618134629589
-1.353609546997
-1.364232261832
-1.480274013142
-1.325666955453
0.000000000000
-0.000000000000
-3.064187311660
1.468842437166
1.634437547073
2.864382104088
1.173492599586
0.084333099159
-0.435700798030
0.052714084215
0.446450815260
-1.015857713037
-0.423194965562
1.073668961901
-0.850337247251
-1.615407071648
-2.228041880187
-1.259944418309
-1.507328826306
3.110306938044
-2.328442436695
-0.131431115859
-2.557830710707
1.967044507322
2.544663978632
-2.990697731438
2.580259155784
2.085431239730
2.612298868335
-1.321805890719
2.670181536152
1.333993989711
1.316337847018
2.214903833950
1.293142825237
1.250416429371
-3.088981818950
-1.576880667268
1.956755204917
1.446013076110
1.252756039300
1.846092906956
1.222652974490
0.762339032276
-1.946986296995
-2.074990120507
1.837283269540
0.169400300694
1.626134221405
2.725276098786
0.000000000000
-0.000000000000
-0.567474097904
-2.745384709683
-1.179694546498
-1.223908272785
-1.549206389188
2.234816889545
-1.711505587859
-1.470231888301
-1.740913520239
-0.077127763414
-1.704896444985
-1.595553814188
-1.553842056134
-1.054510307930
-1.517428356274
-1.692654368598
-1.434944594499
-1.309028742491
-1.477158447414
-1.602980701235
-1.479465355601
-1.398134048747
-1.521998474291
-1.495019690858
-1.539080694090
-1.448880160140
-1.545919420602
-1.481107506991
-1.549460739878
-1.491014820603
-1.531444954075
-1.512630906803
-1.533728790917
-1.529026664542
-1.519910820070
-1.532344764789
-1.511763579653
-1.560510796026
-1.519572329757
-1.529493160697
-1.534557758409
-1.547599277010
-1.522697096895
-1.532911988807
-1.538047882904
-1.556266648850
-1.539871143582
-1.538212965388
0.000000000000