0.000	68.143
4.000	67.823
8.000	68.250
12.000	68.179
16.000	67.698
20.000	68.161
24.000	68.125
28.000	67.591
32.000	67.556
36.000	67.823
40.000	67.894
44.000	67.396
48.000	67.823
52.000	67.698
56.000	67.698
60.000	67.218
64.000	67.200
68.000	67.129
72.000	67.485
76.000	67.004
80.000	67.378
84.000	67.342
88.000	66.826
92.000	66.773
96.000	66.719
100.000	66.933
104.000	66.630
108.000	66.986
112.000	66.969
116.000	66.897
120.000	66.808
124.000	66.257
128.000	66.168
132.000	66.132
136.000	66.524
140.000	65.990
144.000	65.901
148.000	65.847
152.000	66.203
156.000	65.687
160.000	65.651
164.000	66.007
168.000	65.473
172.000	65.420
176.000	65.331
180.000	65.242
184.000	65.153
188.000	65.082
192.000	64.975
196.000	64.922
200.000	64.815
204.000	64.708
208.000	65.117
212.000	64.584
216.000	64.922
220.000	64.423
224.000	64.352
228.000	64.281
232.000	64.192
236.000	64.103
240.000	64.014
244.000	63.925
248.000	64.281
252.000	63.783
256.000	64.139
260.000	63.622
264.000	63.516
268.000	63.907
272.000	63.355
276.000	63.284
280.000	63.213
284.000	63.142
288.000	63.053
292.000	63.444
296.000	63.320
300.000	62.804
304.000	62.732
308.000	63.124
312.000	63.053
316.000	62.483
320.000	62.430
324.000	62.359
328.000	62.697
332.000	62.199
336.000	62.145
340.000	62.537
344.000	62.466
348.000	62.448
352.000	61.860
356.000	61.789
360.000	61.736
364.000	61.700
368.000	61.593
372.000	61.807
376.000	61.487
380.000	61.896
384.000	61.344
388.000	61.540
392.000	61.255
396.000	61.220
400.000	61.647
404.000	61.095
408.000	61.042
412.000	61.309
416.000	60.935
420.000	60.899
424.000	61.326
428.000	61.291
432.000	61.184
436.000	61.006
440.000	60.686
444.000	60.650
448.000	60.650
452.000	60.561
456.000	61.006
460.000	61.006
464.000	60.490
468.000	60.454
472.000	60.561
476.000	60.846
480.000	60.864
484.000	60.348
488.000	60.775
492.000	60.294
496.000	60.205
500.000	60.721
504.000	60.650
508.000	60.187
512.000	60.490
516.000	60.170
520.000	60.152
524.000	60.152
528.000	60.134
532.000	60.614
536.000	60.134
540.000	60.116
544.000	60.543
548.000	60.561
552.000	60.543
556.000	60.579
560.000	60.525
564.000	60.098
568.000	60.579
572.000	60.098
576.000	60.081
580.000	60.098
584.000	60.116
588.000	60.098
592.000	60.579
596.000	60.134
600.000	60.152
604.000	60.134
608.000	60.650
612.000	60.152
616.000	60.187
620.000	60.205
624.000	60.614
628.000	60.205
632.000	60.205
636.000	60.543
640.000	60.241
644.000	60.259
648.000	60.294
652.000	60.312
656.000	60.294
660.000	60.312
664.000	60.348
668.000	60.401
672.000	60.810
676.000	60.419
680.000	60.454
684.000	60.490
688.000	60.508
692.000	61.059
696.000	61.042
700.000	60.597
704.000	60.597
708.000	60.650
712.000	60.703
716.000	60.739
720.000	61.202
724.000	60.792
728.000	60.846
732.000	61.344
736.000	60.917
740.000	61.576
744.000	61.006
748.000	61.042
752.000	61.522
756.000	61.131
760.000	61.647
764.000	61.220
768.000	61.237
772.000	61.736
776.000	61.309
780.000	61.362
784.000	61.415
788.000	61.504
792.000	61.985
796.000	61.576
800.000	62.092
804.000	62.074
808.000	62.234
812.000	62.199
816.000	61.789
820.000	62.359
824.000	61.896
828.000	61.932
832.000	62.003
836.000	62.483
840.000	62.092
844.000	62.555
848.000	62.199
852.000	62.252
856.000	62.910
860.000	62.821
864.000	62.412
868.000	62.964
872.000	62.483
876.000	62.982
880.000	62.537
884.000	62.590
888.000	63.142
892.000	63.160
896.000	62.750
900.000	62.768
904.000	63.302
908.000	63.498
912.000	62.893
916.000	62.928
920.000	62.982
924.000	63.017
928.000	63.035
932.000	63.071
936.000	63.498
940.000	63.124
944.000	63.605
948.000	63.177
952.000	63.213
956.000	63.551
960.000	63.231
964.000	63.284
968.000	63.302
972.000	63.302
976.000	63.854
980.000	63.320
984.000	63.373
988.000	63.391
992.000	63.391
996.000	63.925
1000.000	63.427
1004.000	63.427
1008.000	63.961
1012.000	64.067
1016.000	63.889
1020.000	63.943
1024.000	63.462
1028.000	63.462
1032.000	63.462
1036.000	63.907
1040.000	63.427
1044.000	63.961
1048.000	63.462
1052.000	63.409
1056.000	63.391
1060.000	63.836
1064.000	63.391
1068.000	63.373
1072.000	63.373
1076.000	63.338
1080.000	63.818
1084.000	63.302
1088.000	63.302
1092.000	63.747
1096.000	63.249
1100.000	63.587
1104.000	63.605
1108.000	63.195
1112.000	63.142
1116.000	63.533
1120.000	63.587
1124.000	63.035
1128.000	63.498
1132.000	63.355
1136.000	62.910
1140.000	63.355
1144.000	62.875
1148.000	63.266
1152.000	62.768
1156.000	62.732
1160.000	62.590
1164.000	62.661
1168.000	62.590
1172.000	62.537
1176.000	62.519
1180.000	62.448
1184.000	62.359
1188.000	62.804
1192.000	62.732
1196.000	62.199
1200.000	62.626
1204.000	62.092
1208.000	62.661
1212.000	61.949
1216.000	61.914
1220.000	61.860
1224.000	62.288
1228.000	61.754
1232.000	61.647
1236.000	61.611
1240.000	61.558
1244.000	61.932
1248.000	61.415
1252.000	61.344
1256.000	61.647
1260.000	61.095
1264.000	61.131
1268.000	61.558
1272.000	60.988
1276.000	61.380
1280.000	60.828
1284.000	61.095
1288.000	60.686
1292.000	60.614
1296.000	61.024
1300.000	60.454
1304.000	60.383
1308.000	60.294
1312.000	60.721
1316.000	60.223
1320.000	60.063
1324.000	59.992
1328.000	60.312
1332.000	59.796
1336.000	59.849
1340.000	60.098
1344.000	59.564
1348.000	59.493
1352.000	59.885
1356.000	59.315
1360.000	59.208
1364.000	59.119
1368.000	59.030
1372.000	59.600
1376.000	59.226
1380.000	58.799
1384.000	59.173
1388.000	58.639
1392.000	58.496
1396.000	58.835
1400.000	58.728
1404.000	58.443
1408.000	58.603
1412.000	58.568
1416.000	57.963
1420.000	58.390
1424.000	57.767
1428.000	58.158
1432.000	57.963
1436.000	57.518
1440.000	57.429
1444.000	57.322
1448.000	57.660
1452.000	57.197
1456.000	57.073
1460.000	57.482
1464.000	56.912
1468.000	56.806
1472.000	56.734
1476.000	56.663
1480.000	56.556
1484.000	56.485
1488.000	56.859
1492.000	56.289
1496.000	56.610
1500.000	56.147
1504.000	56.040
1508.000	55.987
1512.000	55.916
1516.000	55.845
1520.000	55.756
1524.000	55.702
1528.000	55.595
1532.000	55.542
1536.000	55.471
1540.000	55.862
1544.000	55.346
1548.000	55.275
1552.000	55.222
1556.000	55.150
1560.000	55.079
1564.000	55.026
1568.000	55.417
1572.000	54.919
1576.000	55.239
1580.000	54.794
1584.000	54.705
1588.000	54.670
1592.000	54.616
1596.000	54.581
1600.000	54.527
1604.000	54.474
1608.000	54.421
1612.000	54.901
1616.000	54.349
1620.000	54.794
1624.000	54.723
1628.000	54.723
1632.000	54.189
1636.000	54.136
1640.000	54.100
1644.000	54.118
1648.000	54.510
1652.000	54.510
1656.000	53.993
1660.000	53.958
1664.000	53.958
1668.000	53.904
1672.000	53.887
1676.000	53.869
1680.000	53.887
1684.000	53.869
1688.000	54.278
1692.000	53.816
1696.000	53.816
1700.000	54.278
1704.000	53.798
1708.000	53.780
1712.000	53.762
1716.000	53.744
1720.000	54.100
1724.000	54.225
1728.000	53.762
1732.000	53.744
1736.000	54.278
1740.000	54.225
1744.000	53.762
1748.000	53.780
1752.000	53.780
1756.000	53.780
1760.000	54.278
1764.000	54.260
1768.000	53.851
1772.000	54.278
1776.000	53.869
1780.000	54.367
1784.000	53.904
1788.000	53.940
1792.000	53.958
1796.000	53.958
1800.000	53.993
1804.000	53.993
1808.000	54.029
1812.000	54.029
1816.000	54.082
1820.000	54.474
1824.000	54.545
1828.000	54.171
1832.000	54.189
1836.000	54.225
1840.000	54.296
1844.000	54.937
1848.000	54.367
1852.000	54.403
1856.000	54.421
1860.000	54.919
1864.000	54.492
1868.000	54.545
1872.000	55.008
1876.000	55.115
1880.000	55.097
1884.000	55.186
1888.000	55.168
1892.000	54.812
1896.000	55.311
1900.000	54.937
1904.000	54.955
1908.000	55.008
1912.000	55.044
1916.000	55.524
1920.000	55.168
1924.000	55.239
1928.000	55.257
1932.000	55.346
1936.000	55.382
1940.000	55.862
1944.000	55.969
1948.000	56.005
1952.000	55.631
1956.000	55.720
1960.000	56.218
1964.000	56.289
1968.000	56.343
1972.000	56.361
1976.000	55.987
1980.000	56.574
1984.000	56.111
1988.000	56.699
1992.000	56.272
1996.000	56.343
2000.000	56.396
2004.000	56.450
2008.000	56.912
2012.000	56.610
2016.000	56.663
2020.000	57.144
2024.000	56.806
2028.000	56.895
2032.000	56.948
2036.000	57.535
2040.000	57.055
2044.000	57.624
2048.000	57.535
2052.000	57.268
2056.000	57.696
2060.000	57.393
2064.000	57.482
2068.000	57.553
2072.000	57.607
2076.000	58.158
2080.000	57.767
2084.000	57.785
2088.000	57.838
2092.000	58.354
2096.000	58.425
2100.000	58.034
2104.000	58.123
2108.000	58.176
2112.000	58.728
2116.000	58.247
2120.000	58.301
2124.000	58.390
2128.000	58.443
2132.000	58.888
2136.000	59.013
2140.000	58.585
2144.000	58.621
2148.000	58.674
2152.000	58.710
2156.000	58.763
2160.000	58.835
2164.000	58.852
2168.000	58.906
2172.000	59.440
2176.000	58.977
2180.000	59.315
2184.000	59.048
2188.000	59.084
2192.000	59.102
2196.000	59.119
2200.000	59.636
2204.000	59.173
2208.000	59.226
2212.000	59.226
2216.000	59.742
2220.000	59.297
2224.000	59.297
2228.000	59.831
2232.000	59.315
2236.000	59.386
2240.000	59.849
2244.000	59.404
2248.000	59.440
2252.000	59.778
2256.000	59.440
2260.000	59.885
2264.000	59.422
2268.000	59.422
2272.000	59.885
2276.000	59.938
2280.000	59.440
2284.000	59.440
2288.000	59.920
2292.000	59.867
2296.000	59.422
2300.000	59.920
2304.000	59.404
2308.000	59.707
2312.000	59.333
2316.000	59.351
2320.000	59.814
2324.000	59.333
2328.000	59.280
2332.000	59.511
2336.000	59.547
2340.000	59.280
2344.000	59.653
2348.000	59.208
2352.000	59.173
2356.000	59.137
2360.000	59.618
2364.000	59.564
2368.000	59.386
2372.000	59.030
2376.000	59.404
2380.000	59.244
2384.000	59.280
2388.000	58.870
2392.000	58.852
2396.000	59.297
2400.000	58.781
2404.000	58.728
2408.000	58.674
2412.000	59.066
2416.000	59.013
2420.000	58.532
2424.000	58.496
2428.000	58.461
2432.000	58.390
2436.000	58.674
2440.000	58.301
2444.000	58.229
2448.000	58.568
2452.000	58.141
2456.000	58.568
2460.000	58.496
2464.000	57.963
2468.000	57.909
2472.000	57.838
2476.000	57.802
2480.000	58.123
2484.000	57.678
2488.000	57.909
2492.000	57.535
2496.000	57.945
2500.000	57.446
2504.000	57.340
2508.000	57.731
2512.000	57.820
2516.000	57.197
2520.000	57.090
2524.000	57.019
2528.000	57.393
2532.000	57.357
2536.000	57.304
2540.000	56.734
2544.000	57.179
2548.000	56.610
2552.000	56.556
2556.000	56.467
2560.000	56.877
2564.000	56.307
2568.000	56.254
2572.000	56.628
2576.000	56.076
2580.000	55.987
2584.000	55.916
2588.000	56.236
2592.000	55.773
2596.000	56.183
2600.000	56.129
2604.000	55.542
2608.000	55.773
2612.000	55.862
2616.000	55.293
2620.000	55.720
2624.000	55.311
2628.000	55.061
2632.000	55.346
2636.000	55.417
2640.000	55.293
2644.000	54.794
2648.000	54.688
2652.000	54.616
2656.000	55.044
2660.000	54.474
2664.000	54.794
2668.000	54.581
2672.000	54.243
2676.000	54.171
2680.000	54.510
2684.000	54.474
2688.000	53.976
2692.000	54.278
2696.000	53.816
2700.000	53.744
2704.000	53.673
2708.000	54.082
2712.000	53.976
2716.000	53.869
2720.000	53.406
2724.000	53.709
2728.000	53.228
2732.000	53.727
2736.000	53.157
2740.000	53.495
2744.000	53.477
2748.000	52.979
2752.000	52.908
2756.000	52.872
2760.000	52.801
2764.000	53.210
2768.000	52.730
2772.000	52.659
2776.000	52.587
2780.000	53.015
2784.000	52.516
2788.000	52.481
2792.000	52.908
2796.000	52.356
2800.000	52.320
2804.000	52.303
2808.000	52.249
2812.000	52.694
2816.000	52.623
2820.000	52.160
2824.000	52.641
2828.000	52.107
2832.000	52.053
2836.000	52.036
2840.000	52.036
2844.000	52.000
2848.000	52.392
2852.000	51.911
2856.000	52.374
2860.000	52.338
2864.000	51.929
2868.000	51.875
2872.000	51.858
2876.000	51.893
2880.000	51.858
2884.000	51.840
2888.000	52.374
2892.000	51.858
2896.000	51.804
2900.000	51.840
2904.000	51.840
2908.000	51.822
2912.000	52.249
2916.000	51.840
2920.000	51.822
2924.000	52.196
2928.000	51.769
2932.000	52.338
2936.000	52.320
2940.000	51.893
2944.000	51.875
2948.000	51.893
2952.000	51.929
2956.000	51.929
2960.000	51.964
2964.000	51.964
2968.000	51.964
2972.000	52.018
2976.000	52.427
2980.000	52.267
2984.000	52.498
2988.000	52.125
2992.000	52.142
2996.000	52.160
3000.000	52.196
3004.000	52.231
3008.000	52.231
3012.000	52.285
3016.000	52.320
3020.000	52.837
3024.000	52.765
3028.000	52.409
3032.000	52.730
3036.000	52.516
3040.000	52.552
3044.000	52.587
3048.000	52.605
3052.000	53.086
3056.000	53.353
3060.000	53.210
3064.000	52.801
3068.000	52.837
3072.000	53.299
3076.000	53.353
3080.000	52.979
3084.000	53.050
3088.000	53.104
3092.000	53.549
3096.000	53.228
3100.000	53.673
3104.000	53.299
3108.000	53.353
3112.000	53.406
3116.000	53.477
3120.000	53.531
3124.000	53.602
3128.000	54.047
3132.000	53.709
3136.000	54.278
3140.000	53.816
3144.000	54.314
3148.000	53.958
3152.000	53.993
3156.000	54.563
3160.000	54.136
3164.000	54.207
3168.000	54.723
3172.000	54.367
3176.000	54.403
3180.000	54.456
3184.000	54.990
3188.000	55.079
3192.000	54.688
3196.000	54.759
3200.000	54.812
3204.000	54.883
3208.000	54.972
3212.000	55.044
3216.000	55.115
3220.000	55.168
3224.000	55.756
3228.000	55.328
3232.000	55.382
3236.000	55.471
3240.000	55.542
3244.000	56.094
3248.000	55.613
3252.000	56.272
3256.000	56.254
3260.000	56.307
3264.000	56.467
3268.000	56.058
3272.000	56.592
3276.000	56.200
3280.000	56.770
3284.000	56.770
3288.000	56.877
3292.000	56.467
3296.000	56.485
3300.000	57.108
3304.000	56.699
3308.000	56.752
3312.000	56.859
3316.000	57.340
3320.000	56.966
3324.000	57.037
3328.000	57.500
3332.000	57.696
3336.000	57.660
3340.000	57.785
3344.000	57.357
3348.000	57.411
3352.000	57.945
3356.000	57.535
3360.000	57.589
3364.000	58.052
3368.000	58.194
3372.000	57.749
3376.000	58.247
3380.000	58.336
3384.000	57.891
3388.000	58.496
3392.000	58.407
3396.000	58.443
3400.000	58.105
3404.000	58.158
3408.000	58.176
3412.000	58.212
3416.000	58.247
3420.000	58.301
3424.000	58.336
3428.000	58.817
3432.000	58.407
3436.000	58.425
3440.000	58.941
3444.000	58.924
3448.000	58.532
3452.000	58.532
3456.000	59.030
3460.000	59.013
3464.000	58.639
3468.000	58.835
3472.000	58.657
3476.000	59.173
3480.000	58.977
3484.000	58.710
3488.000	58.763
3492.000	58.728
3496.000	59.048
3500.000	58.763
3504.000	58.746
3508.000	58.799
3512.000	58.799
3516.000	59.404
3520.000	59.280
3524.000	59.297
3528.000	59.208
3532.000	58.799
3536.000	59.280
3540.000	58.763
3544.000	59.102
3548.000	58.781
3552.000	58.763
3556.000	58.763
3560.000	58.746
3564.000	58.728
3568.000	58.710
3572.000	58.692
3576.000	59.102
3580.000	58.639
3584.000	58.639
3588.000	58.603
3592.000	58.870
3596.000	58.550
3600.000	58.550
3604.000	58.532
3608.000	58.906
3612.000	58.479
3616.000	58.924
3620.000	58.372
3624.000	58.372
3628.000	58.318
3632.000	58.318
3636.000	58.283
3640.000	58.229
3644.000	58.194
3648.000	58.710
3652.000	58.141
3656.000	58.105
3660.000	58.034
3664.000	58.461
3668.000	57.963
3672.000	57.909
3676.000	57.891
3680.000	57.838
3684.000	57.785
3688.000	57.731
3692.000	58.016
3696.000	57.624
3700.000	57.624
3704.000	57.535
3708.000	57.518
3712.000	57.429
3716.000	57.375
3720.000	57.340
3724.000	57.268
3728.000	57.678
3732.000	57.162
3736.000	57.090
3740.000	57.553
3744.000	56.984
3748.000	56.948
3752.000	57.357
3756.000	56.823
3760.000	56.770
3764.000	57.197
3768.000	56.592
3772.000	56.574
3776.000	56.503
3780.000	56.432
3784.000	56.752
3788.000	56.823
3792.000	56.752
3796.000	56.681
3800.000	56.129
3804.000	56.076
3808.000	55.987
3812.000	55.898
3816.000	56.289
3820.000	55.791
3824.000	55.702
3828.000	55.684
3832.000	55.595
3836.000	56.005
3840.000	55.916
3844.000	55.809
3848.000	55.328
3852.000	55.880
3856.000	55.186
3860.000	55.115
3864.000	55.061
3868.000	54.972
3872.000	54.901
3876.000	55.328
3880.000	55.222
3884.000	55.115
3888.000	55.061
3892.000	54.599
3896.000	54.510
3900.000	54.438
3904.000	54.403
3908.000	54.296
3912.000	54.260
3916.000	54.207
3920.000	54.652
3924.000	54.082
3928.000	54.278
3932.000	54.438
3936.000	53.922
3940.000	54.047
3944.000	54.314
3948.000	53.762
3952.000	53.709
3956.000	53.638
3960.000	53.602
3964.000	54.047
3968.000	53.673
3972.000	53.477
3976.000	53.887
3980.000	53.762
3984.000	53.655
3988.000	53.655
3992.000	53.228
3996.000	53.691
4000.000	53.175
4004.000	53.139
4008.000	53.121
4012.000	53.050
4016.000	53.477
4020.000	52.961
4024.000	52.943
4028.000	52.943
4032.000	52.926
4036.000	52.872
4040.000	52.837
4044.000	52.837
4048.000	53.228
4052.000	52.783
4056.000	52.783
4060.000	52.748
4064.000	53.228
4068.000	52.730
4072.000	52.694
4076.000	52.694
4080.000	52.694
4084.000	52.694
4088.000	52.659
4092.000	53.050
4096.000	52.641
4100.000	53.068
4104.000	52.641
4108.000	52.961
4112.000	52.676
4116.000	52.641
4120.000	52.659
4124.000	52.623
4128.000	52.641
4132.000	52.641
4136.000	52.676
4140.000	53.068
4144.000	52.694
4148.000	52.694
4152.000	52.712
4156.000	53.157
4160.000	52.712
4164.000	52.730
4168.000	52.730
4172.000	52.765
4176.000	52.783
4180.000	53.246
4184.000	52.837
4188.000	52.854
4192.000	52.872
4196.000	52.908
4200.000	52.908
4204.000	52.961
4208.000	53.442
4212.000	53.460
4216.000	53.050
4220.000	53.086
4224.000	53.495
4228.000	53.442
4232.000	53.193
4236.000	53.157
4240.000	53.744
4244.000	53.762
4248.000	53.780
4252.000	53.406
4256.000	53.406
4260.000	54.065
4264.000	53.513
4268.000	54.011
4272.000	53.602
4276.000	54.100
4280.000	54.171
4284.000	53.727
4288.000	53.762
4292.000	54.260
4296.000	53.869
4300.000	53.904
4304.000	53.976
4308.000	54.029
4312.000	54.065
4316.000	54.136
4320.000	54.171
4324.000	54.260
4328.000	54.278
4332.000	54.759
4336.000	54.403
4340.000	54.955
4344.000	54.527
4348.000	54.599
4352.000	54.634
4356.000	54.723
4360.000	54.759
4364.000	55.346
4368.000	54.883
4372.000	54.937
4376.000	55.026
4380.000	55.097
4384.000	55.168
4388.000	55.720
4392.000	55.275
4396.000	55.311
4400.000	55.880
4404.000	56.058
4408.000	55.987
4412.000	55.595
4416.000	55.649
4420.000	55.773
4424.000	55.827
4428.000	55.880
4432.000	56.396
4436.000	56.432
4440.000	56.058
4444.000	56.165
4448.000	56.236
4452.000	56.272
4456.000	56.378
4460.000	56.432
4464.000	56.930
4468.000	56.574
4472.000	56.628
4476.000	57.144
4480.000	56.752
4484.000	56.806
4488.000	56.877
4492.000	57.375
4496.000	56.984
4500.000	57.553
4504.000	57.144
4508.000	57.660
4512.000	57.233
4516.000	57.304
4520.000	57.340
4524.000	57.856
4528.000	57.891
4532.000	57.998
4536.000	58.034
4540.000	58.105
4544.000	57.696
4548.000	57.802
4552.000	57.802
4556.000	57.838
4560.000	57.980
4564.000	57.945
4568.000	57.980
4572.000	58.016
4576.000	58.496
4580.000	58.710
4584.000	58.585
4588.000	58.639
4592.000	58.212
4596.000	58.674
4600.000	58.301
4604.000	58.336
4608.000	58.354
4612.000	58.852
4616.000	58.390
4620.000	58.443
4624.000	58.443
4628.000	58.496
4632.000	58.496
4636.000	58.514
4640.000	58.532
4644.000	58.550
4648.000	58.603
4652.000	58.568
4656.000	58.977
4660.000	58.603
4664.000	58.639
4668.000	59.066
4672.000	59.066
4676.000	58.639
4680.000	59.119
4684.000	59.030
4688.000	59.084
4692.000	58.639
4696.000	58.603
4700.000	58.603
4704.000	58.585
4708.000	58.603
4712.000	59.084
4716.000	59.030
4720.000	58.550
4724.000	58.532
4728.000	58.532
4732.000	58.532
4736.000	58.514
4740.000	59.119
4744.000	58.461
4748.000	58.924
4752.000	58.390
4756.000	58.407
4760.000	58.746
4764.000	58.336
4768.000	58.710
4772.000	58.781
4776.000	58.265
4780.000	58.229
4784.000	58.194
4788.000	58.141
4792.000	58.514
4796.000	58.550
