0.000	39.559
9.000	39.879
18.000	39.328
27.000	39.612
36.000	39.078
45.000	39.434
54.000	39.256
63.000	38.705
72.000	38.634
81.000	38.491
90.000	38.367
99.000	38.669
108.000	38.135
117.000	38.313
126.000	37.904
135.000	37.761
144.000	37.655
153.000	37.477
162.000	37.922
171.000	37.299
180.000	37.210
189.000	37.530
198.000	37.405
207.000	37.299
216.000	36.747
225.000	37.103
234.000	36.533
243.000	36.427
252.000	36.355
261.000	36.231
270.000	36.605
279.000	36.017
288.000	36.391
297.000	36.338
306.000	36.249
315.000	35.697
324.000	35.608
333.000	36.017
342.000	35.483
351.000	35.465
360.000	35.376
369.000	35.341
378.000	35.323
387.000	35.270
396.000	35.697
405.000	35.216
414.000	35.216
423.000	35.198
432.000	35.216
441.000	35.643
450.000	35.252
459.000	35.252
468.000	35.287
477.000	35.323
486.000	35.376
495.000	35.412
504.000	35.448
513.000	35.519
522.000	35.590
531.000	36.124
540.000	35.750
549.000	35.857
558.000	35.946
567.000	36.035
576.000	36.462
585.000	36.266
594.000	36.355
603.000	36.498
612.000	36.605
621.000	36.747
630.000	37.281
639.000	37.494
648.000	37.690
657.000	37.690
666.000	37.477
675.000	37.619
684.000	37.779
693.000	37.957
702.000	38.153
711.000	38.331
720.000	38.491
729.000	38.651
738.000	38.829
747.000	39.506
756.000	39.239
765.000	39.381
774.000	40.093
783.000	39.808
792.000	40.307
801.000	40.218
810.000	40.858
819.000	40.627
828.000	40.823
837.000	41.054
846.000	41.250
855.000	41.944
864.000	41.695
873.000	42.389
882.000	42.140
891.000	42.371
900.000	43.065
909.000	42.798
918.000	43.528
927.000	43.706
936.000	43.475
945.000	43.617
954.000	43.955
963.000	44.204
972.000	44.418
981.000	44.649
990.000	44.881
999.000	45.130
1008.000	45.860
1017.000	45.593
1026.000	46.287
1035.000	46.073
1044.000	46.305
1053.000	47.052
1062.000	46.803
1071.000	47.052
1080.000	47.764
1089.000	47.515
1098.000	48.209
1107.000	48.618
1116.000	48.262
1125.000	48.939
1134.000	48.690
1143.000	48.992
1152.000	49.206
1161.000	49.437
1170.000	50.078
1179.000	49.935
1188.000	50.576
1197.000	50.398
1206.000	50.647
1215.000	50.879
1224.000	51.128
1233.000	51.377
1242.000	51.609
1251.000	52.125
1260.000	52.053
1269.000	52.320
1278.000	53.015
1287.000	52.837
1296.000	53.513
1305.000	53.264
1314.000	53.993
1323.000	54.136
1332.000	54.011
1341.000	54.688
1350.000	54.492
1359.000	54.688
1368.000	54.955
1377.000	55.186
1386.000	55.417
1395.000	56.147
1404.000	55.880
1413.000	56.058
1422.000	56.343
1431.000	57.037
1440.000	57.251
1449.000	57.019
1458.000	57.233
1467.000	57.464
1476.000	57.678
1485.000	57.874
1494.000	58.069
1503.000	58.229
1512.000	58.461
1521.000	59.119
1530.000	59.297
1539.000	58.959
1548.000	59.155
1557.000	59.280
1566.000	59.885
1575.000	60.045
1584.000	59.689
1593.000	59.831
1602.000	60.419
1611.000	60.419
1620.000	60.063
1629.000	60.686
1638.000	60.312
1647.000	60.828
1656.000	60.508
1665.000	60.935
1674.000	60.597
1683.000	61.095
1692.000	61.202
1701.000	61.202
1710.000	60.739
1719.000	60.739
1728.000	60.792
1737.000	60.757
1746.000	60.757
1755.000	60.739
1764.000	60.739
1773.000	60.757
1782.000	61.166
1791.000	60.686
1800.000	60.614
1809.000	60.614
1818.000	60.561
1827.000	60.454
1836.000	60.419
1845.000	60.401
1854.000	60.276
1863.000	60.543
1872.000	60.241
1881.000	60.454
1890.000	59.956
1899.000	59.867
1908.000	59.725
1917.000	60.116
1926.000	59.992
1935.000	59.440
1944.000	59.315
1953.000	59.689
1962.000	59.119
1971.000	58.995
1980.000	58.870
1989.000	58.746
1998.000	58.906
2007.000	58.461
2016.000	58.318
2025.000	58.158
2034.000	58.514
2043.000	58.301
2052.000	58.158
2061.000	57.980
2070.000	57.963
2079.000	57.802
2088.000	57.126
2097.000	56.966
2106.000	56.788
2115.000	56.645
2124.000	56.841
2133.000	56.325
2142.000	56.450
2151.000	55.987
2160.000	55.845
2169.000	55.631
2178.000	55.506
2187.000	55.311
2196.000	55.133
2205.000	54.955
2214.000	55.133
2223.000	54.581
2232.000	54.438
2241.000	54.777
2250.000	54.082
2259.000	53.904
2268.000	53.709
2277.000	53.531
2286.000	53.833
2295.000	53.193
2304.000	53.015
2313.000	52.819
2322.000	52.605
2331.000	52.427
2340.000	52.730
2349.000	52.089
2358.000	51.929
2367.000	52.160
2376.000	51.626
2385.000	51.359
2394.000	51.626
2403.000	50.968
2412.000	50.808
2421.000	50.968
2430.000	50.897
2439.000	50.914
2448.000	50.505
2457.000	49.918
2466.000	49.740
2475.000	49.526
2484.000	49.384
2493.000	49.206
2502.000	49.508
2511.000	48.850
2520.000	48.672
2529.000	48.529
2538.000	48.316
2547.000	48.120
2556.000	48.423
2565.000	47.817
2574.000	47.639
2583.000	47.461
2592.000	47.284
2601.000	47.550
2610.000	46.928
2619.000	46.767
2628.000	47.106
2637.000	46.785
2646.000	46.305
2655.000	46.572
2664.000	45.984
2673.000	45.842
2682.000	46.109
2691.000	45.575
2700.000	45.895
2709.000	45.290
2718.000	45.166
2727.000	45.094
2736.000	44.988
2745.000	45.361
2754.000	45.272
2763.000	45.094
2772.000	44.632
2781.000	44.560
2790.000	44.881
2799.000	44.934
2808.000	44.827
2817.000	44.845
2826.000	44.934
2835.000	44.293
2844.000	44.703
2853.000	44.240
2862.000	44.329
2871.000	44.543
2880.000	44.738
2889.000	44.293
2898.000	44.649
2907.000	44.347
2916.000	44.400
2925.000	44.454
2934.000	44.489
2943.000	44.596
2952.000	45.130
2961.000	44.703
2970.000	44.810
2979.000	45.326
2988.000	44.970
2997.000	45.432
3006.000	45.628
3015.000	45.290
3024.000	45.379
3033.000	45.966
3042.000	46.073
3051.000	45.771
3060.000	46.322
3069.000	46.038
3078.000	46.198
3087.000	46.340
3096.000	46.785
3105.000	46.643
3114.000	46.821
3123.000	46.981
3132.000	47.657
3141.000	47.800
3150.000	47.461
3159.000	47.639
3168.000	47.835
3177.000	48.049
3186.000	48.707
3195.000	48.369
3204.000	49.081
3213.000	48.814
3222.000	49.508
3231.000	49.704
3240.000	49.419
3249.000	49.597
3258.000	50.274
3267.000	50.060
3276.000	50.291
3285.000	50.469
3294.000	51.057
3303.000	50.914
3312.000	51.644
3321.000	51.359
3330.000	51.964
3339.000	51.822
3348.000	52.018
3357.000	52.748
3366.000	52.516
3375.000	53.193
3384.000	53.442
3393.000	53.175
3402.000	53.851
3411.000	53.958
3420.000	54.367
3429.000	54.652
3438.000	54.385
3447.000	54.616
3456.000	54.830
3465.000	55.061
3474.000	55.293
3483.000	55.524
3492.000	55.791
3501.000	56.005
3510.000	56.254
3519.000	56.912
3528.000	56.752
3537.000	57.464
3546.000	57.179
3555.000	57.838
3564.000	58.069
3573.000	58.443
3582.000	58.176
3591.000	58.710
3600.000	58.657
3609.000	59.333
3618.000	59.119
3627.000	59.796
3636.000	60.009
3645.000	59.831
3654.000	60.063
3663.000	60.775
3672.000	61.042
3681.000	60.739
3690.000	61.006
3699.000	61.255
3708.000	61.451
3717.000	61.700
3726.000	61.932
3735.000	62.555
3744.000	62.394
3753.000	62.626
3762.000	62.839
3771.000	63.587
3780.000	63.302
3789.000	64.050
3798.000	63.729
3807.000	63.943
3816.000	64.174
3825.000	64.904
3834.000	65.100
3843.000	64.833
3852.000	65.028
3861.000	65.723
3870.000	65.420
3879.000	66.043
3888.000	65.776
3897.000	65.954
3906.000	66.132
3915.000	66.292
3924.000	66.470
3933.000	66.630
3942.000	66.737
3951.000	67.307
3960.000	67.040
3969.000	67.164
3978.000	67.627
3987.000	67.342
3996.000	67.431
4005.000	67.520
4014.000	67.627
4023.000	68.108
4032.000	68.250
4041.000	67.841
4050.000	67.841
4059.000	68.357
4068.000	67.947
4077.000	68.446
4086.000	67.965
4095.000	68.001
4104.000	68.036
4113.000	68.339
4122.000	68.036
4131.000	67.983
4140.000	67.983
4149.000	67.912
4158.000	68.286
4167.000	68.143
4176.000	67.805
4185.000	67.752
4194.000	67.698
4203.000	67.627
4212.000	67.574
4221.000	67.965
4230.000	67.396
4239.000	67.307
4248.000	67.235
4257.000	67.111
4266.000	67.004
4275.000	66.915
4284.000	67.307
4293.000	66.648
4302.000	66.559
4311.000	66.435
4320.000	66.737
4329.000	66.168
4338.000	66.470
4347.000	66.310
4356.000	65.776
4365.000	66.132
4374.000	65.473
4383.000	65.313
4392.000	65.473
4401.000	64.975
4410.000	64.833
4419.000	64.673
4428.000	64.495
4437.000	64.815
4446.000	64.139
4455.000	63.978
4464.000	64.281
4473.000	63.605
4482.000	63.427
4491.000	63.284
4500.000	63.071
4509.000	63.373
4518.000	63.213
4527.000	62.964
4536.000	62.750
4545.000	62.608
4554.000	62.412
4563.000	61.771
4572.000	62.038
4581.000	61.362
4590.000	61.184
4599.000	60.970
4608.000	60.775
4617.000	61.059
4626.000	60.792
4635.000	60.205
4644.000	59.956
4653.000	59.796
4662.000	59.582
4671.000	59.369
4680.000	59.582
4689.000	58.959
4698.000	58.799
4707.000	58.568
4716.000	58.835
4725.000	58.176
4734.000	57.998
4743.000	57.749
4752.000	57.535
4761.000	57.749
4770.000	57.535
4779.000	57.375
4788.000	57.179
4797.000	56.966
4806.000	56.806
4815.000	56.628
4824.000	55.898
4833.000	55.720
4842.000	56.005
4851.000	55.720
4860.000	55.613
4869.000	54.919
4878.000	54.723
4887.000	54.955
4896.000	54.332
4905.000	54.634
4914.000	54.243
4923.000	54.207
4932.000	53.531
4941.000	53.816
4950.000	53.175
4959.000	52.979
4968.000	53.264
4977.000	52.605
4986.000	52.409
4995.000	52.196
5004.000	52.498
5013.000	51.822
5022.000	51.715
5031.000	51.484
5040.000	51.288
5049.000	51.555
5058.000	50.950
5067.000	50.825
5076.000	50.665
5085.000	50.968
5094.000	50.327
5103.000	50.665
5112.000	50.096
5121.000	50.416
5130.000	49.829
5139.000	49.686
5148.000	49.597
5157.000	49.508
5166.000	49.900
5175.000	49.704
5184.000	49.241
5193.000	49.170
5202.000	49.099
5211.000	49.010
5220.000	48.992
5229.000	49.402
5238.000	48.921
5247.000	48.921
5256.000	49.348
5265.000	49.206
5274.000	48.939
5283.000	48.903
5292.000	49.384
5301.000	49.384
5310.000	48.974
5319.000	49.046
5328.000	49.063
5337.000	49.562
5346.000	49.206
5355.000	49.277
5364.000	49.366
5373.000	49.455
5382.000	49.971
5391.000	49.651
5400.000	49.722
5409.000	50.309
5418.000	50.309
5427.000	50.078
5436.000	50.630
5445.000	50.327
5454.000	50.487
5463.000	50.612
5472.000	51.235
5481.000	50.914
5490.000	51.057
5499.000	51.253
5508.000	51.395
5517.000	51.573
5526.000	52.231
5535.000	51.929
5544.000	52.125
5553.000	52.285
5562.000	52.463
5571.000	52.641
5580.000	53.335
5589.000	53.388
5598.000	53.228
5607.000	53.460
5616.000	54.136
5625.000	54.332
5634.000	54.047
5643.000	54.723
5652.000	54.438
5661.000	54.670
5670.000	54.866
5679.000	55.578
5688.000	55.293
5697.000	55.542
5706.000	55.773
5715.000	56.467
5724.000	56.165
5733.000	56.877
5742.000	56.966
5751.000	56.859
5760.000	57.090
5769.000	57.286
5778.000	57.518
5787.000	57.749
5796.000	57.980
5805.000	58.710
5814.000	58.941
5823.000	58.674
5832.000	58.906
5841.000	59.564
5850.000	59.369
5859.000	59.600
5868.000	59.849
5877.000	60.081
5886.000	60.294
5895.000	60.988
5904.000	60.757
5913.000	61.469
5922.000	61.166
5931.000	61.451
5940.000	61.682
5949.000	61.878
5958.000	62.092
5967.000	62.359
5976.000	62.572
5985.000	62.768
5994.000	62.999
6003.000	63.231
6012.000	63.462
6021.000	63.676
6030.000	64.281
6039.000	64.584
6048.000	64.299
6057.000	64.922
6066.000	65.064
6075.000	64.975
6084.000	65.153
6093.000	65.367
6102.000	65.616
6111.000	65.812
6120.000	66.043
6129.000	66.239
6138.000	66.452
6147.000	67.040
6156.000	66.880
6165.000	67.538
6174.000	67.289
6183.000	67.485
6192.000	67.716
6201.000	67.912
6210.000	68.108
6219.000	68.321
6228.000	68.802
6237.000	69.158
6246.000	68.891
6255.000	69.104
6264.000	69.265
6273.000	69.905
6282.000	69.656
6291.000	69.763
6300.000	69.976
6309.000	70.617
6318.000	70.902
6327.000	70.884
6336.000	70.546
6345.000	70.973
6354.000	70.795
6363.000	71.383
6372.000	71.632
6381.000	71.133
6390.000	71.222
6399.000	71.329
6408.000	71.881
6417.000	71.489
6426.000	71.970
6435.000	72.005
6444.000	71.632
6453.000	71.667
6462.000	71.721
6471.000	71.739
6480.000	71.739
6489.000	71.739
6498.000	71.685
6507.000	71.756
6516.000	72.166
6525.000	72.077
6534.000	71.685
6543.000	71.650
6552.000	72.077
6561.000	71.561
6570.000	71.525
6579.000	71.472
6588.000	71.383
6597.000	71.311
6606.000	71.205
6615.000	71.525
6624.000	71.062
6633.000	71.365
6642.000	70.902
6651.000	70.742
6660.000	70.635
6669.000	70.866
6678.000	70.884
6687.000	70.261
6696.000	70.137
6705.000	70.012
6714.000	70.350
6723.000	69.727
6732.000	69.585
6741.000	69.407
6750.000	69.247
6759.000	69.122
6768.000	68.962
6777.000	68.784
6786.000	69.069
6795.000	68.428
6804.000	68.250
6813.000	68.570
6822.000	68.339
6831.000	68.179
6840.000	68.001
6849.000	67.396
6858.000	67.182
6867.000	67.449
6876.000	67.271
6885.000	66.541
6894.000	66.381
6903.000	66.613
6912.000	66.435
6921.000	66.221
6930.000	66.043
6939.000	65.367
6948.000	65.171
6957.000	65.402
6966.000	65.171
6975.000	64.975
6984.000	64.833
6993.000	64.388
7002.000	63.925
7011.000	63.694
7020.000	63.498
7029.000	63.284
7038.000	63.053
7047.000	62.857
7056.000	63.142
7065.000	62.412
7074.000	62.181
7083.000	62.377
7092.000	61.736
7101.000	61.540
7110.000	61.326
7119.000	61.059
7128.000	60.881
7137.000	60.650
7146.000	60.419
7155.000	60.668
7164.000	60.330
7173.000	59.760
7182.000	59.547
7191.000	59.315
7200.000	59.582
7209.000	59.351
7218.000	58.657
7227.000	58.461
7236.000	58.212
7245.000	58.372
7254.000	57.731
7263.000	58.123
7272.000	57.785
7281.000	57.073
7290.000	56.859
7299.000	57.037
7308.000	56.414
7317.000	56.628
7326.000	55.916
7335.000	56.111
7344.000	56.005
7353.000	55.328
7362.000	55.560
7371.000	55.471
7380.000	55.097
7389.000	54.883
7398.000	54.278
7407.000	54.510
7416.000	53.833
7425.000	54.118
7434.000	53.406
7443.000	53.193
7452.000	53.015
7461.000	53.282
7470.000	52.587
7479.000	52.392
7488.000	52.196
7497.000	51.982
7506.000	52.249
7515.000	51.662
7524.000	51.484
7533.000	51.822
7542.000	51.164
7551.000	51.021
7560.000	50.843
7569.000	51.217
7578.000	51.075
7587.000	50.897
7596.000	50.327
7605.000	50.220
7614.000	50.558
7623.000	50.042
7632.000	49.953
7641.000	49.864
7650.000	49.793
7659.000	50.185
7668.000	49.668
7677.000	49.651
7686.000	50.007
7695.000	49.579
7704.000	49.544
7713.000	49.508
7722.000	49.508
7731.000	49.918
7740.000	49.526
7749.000	49.508
7758.000	49.544
7767.000	49.579
7776.000	49.935
7785.000	49.633
7794.000	49.704
7803.000	50.238
7812.000	49.793
7821.000	49.829
7830.000	49.918
7839.000	49.989
7848.000	50.505
7857.000	50.149
7866.000	50.256
7875.000	50.363
7884.000	50.469
7893.000	50.594
7902.000	51.075
7911.000	50.825
7920.000	50.968
7929.000	51.484
7938.000	51.181
7947.000	51.324
7956.000	51.431
7965.000	51.591
7974.000	51.751
7983.000	51.893
7992.000	52.071
8001.000	52.214
8010.000	52.392
8019.000	52.516
8028.000	52.712
8037.000	52.890
8046.000	53.531
8055.000	53.673
8064.000	53.904
8073.000	53.584
8082.000	54.243
8091.000	54.260
8100.000	54.563
8109.000	54.812
8118.000	54.492
8127.000	54.670
8136.000	54.883
8145.000	55.061
8154.000	55.275
8163.000	55.453
8172.000	55.684
8181.000	56.325
8190.000	56.058
8199.000	56.289
8208.000	56.895
8217.000	57.144
8226.000	57.304
8235.000	57.073
8244.000	57.304
8253.000	58.052
8262.000	57.713
8271.000	57.945
8280.000	58.158
8289.000	58.835
8298.000	59.048
8307.000	58.763
8316.000	59.013
8325.000	59.226
8334.000	59.458
8343.000	60.063
8352.000	59.885
8361.000	60.081
8370.000	60.864
8379.000	60.508
8388.000	60.953
8397.000	61.291
8406.000	61.682
8415.000	61.433
8424.000	62.145
8433.000	61.878
8442.000	62.608
8451.000	62.768
8460.000	62.537
8469.000	62.750
8478.000	62.982
8487.000	63.622
8496.000	63.409
8505.000	64.103
8514.000	63.854
8523.000	64.530
8532.000	64.281
8541.000	64.530
8550.000	64.744
8559.000	65.224
8568.000	65.634
8577.000	65.847
8586.000	65.598
8595.000	65.812
8604.000	65.990
8613.000	66.168
8622.000	66.399
8631.000	66.595
8640.000	66.791
8649.000	67.449
8658.000	67.200
8667.000	67.396
8676.000	67.556
8685.000	68.108
8694.000	67.841
8703.000	68.054
8712.000	68.197
8721.000	68.873
8730.000	68.517
8739.000	68.642
8748.000	69.265
8757.000	68.909
8766.000	69.033
8775.000	69.122
8784.000	69.229
8793.000	69.318
8802.000	69.834
8811.000	69.478
8820.000	69.531
8829.000	69.603
8838.000	69.692
8847.000	69.674
8856.000	70.261
8865.000	69.798
8874.000	69.834
8883.000	69.816
8892.000	69.834
8901.000	70.226
8910.000	70.030
8919.000	70.297
8928.000	69.798
8937.000	70.261
8946.000	69.745
8955.000	69.709
8964.000	70.065
8973.000	69.620
8982.000	69.531
8991.000	69.478
9000.000	69.887
9009.000	69.318
9018.000	69.745
9027.000	69.638
9036.000	69.069
9045.000	69.371
9054.000	68.837
9063.000	69.211
9072.000	68.659
9081.000	68.499
9090.000	68.855
9099.000	68.286
9108.000	68.642
9117.000	67.983
9126.000	68.197
9135.000	68.197
9144.000	67.591
9153.000	67.876
9162.000	67.271
9171.000	67.556
9180.000	67.378
9189.000	66.791
9198.000	66.648
9207.000	67.004
9216.000	66.310
9225.000	66.132
9234.000	65.954
9243.000	65.758
9252.000	65.616
9261.000	65.456
9270.000	65.260
9279.000	65.562
9288.000	64.868
9297.000	64.690
9306.000	64.459
9315.000	64.673
9324.000	64.103
9333.000	63.907
9342.000	63.694
9351.000	63.978
9360.000	63.338
9369.000	63.605
9378.000	63.373
9387.000	62.697
9396.000	63.017
9405.000	62.305
9414.000	62.092
9423.000	62.323
9432.000	61.700
9441.000	62.092
9450.000	61.291
9459.000	61.042
9468.000	60.846
9477.000	61.131
9486.000	60.437
9495.000	60.597
9504.000	60.009
9513.000	59.796
9522.000	60.009
9531.000	59.760
9540.000	59.191
9549.000	58.941
9558.000	59.244
9567.000	58.514
9576.000	58.763
9585.000	58.123
