0.000	42.925
14.000	42.634
28.000	42.271
42.000	41.944
56.000	41.599
70.000	41.272
84.000	41.381
98.000	40.946
112.000	40.582
126.000	39.893
140.000	39.638
154.000	39.366
168.000	39.366
182.000	39.130
196.000	38.731
210.000	38.113
224.000	38.349
238.000	37.532
252.000	37.514
266.000	37.369
280.000	36.661
294.000	36.770
308.000	36.134
322.000	35.880
336.000	35.644
350.000	35.735
364.000	35.154
378.000	34.972
392.000	34.773
406.000	34.555
420.000	34.754
434.000	34.246
448.000	34.101
462.000	34.355
476.000	33.865
490.000	33.774
504.000	34.046
518.000	33.701
532.000	33.647
546.000	33.611
560.000	33.647
574.000	33.629
588.000	33.665
602.000	33.720
616.000	33.829
630.000	34.264
644.000	34.264
658.000	34.446
672.000	34.537
686.000	34.391
700.000	34.863
714.000	34.736
728.000	34.900
742.000	35.499
756.000	35.317
770.000	35.553
784.000	36.152
798.000	36.025
812.000	36.606
826.000	36.861
840.000	37.224
854.000	37.060
868.000	37.714
882.000	38.077
896.000	38.004
910.000	38.640
924.000	38.603
938.000	39.348
952.000	39.656
966.000	39.602
980.000	40.328
994.000	40.328
1008.000	40.564
1022.000	41.345
1036.000	41.799
1050.000	41.763
1064.000	42.144
1078.000	42.507
1092.000	42.906
1106.000	43.288
1120.000	43.669
1134.000	44.050
1148.000	44.413
1162.000	44.831
1176.000	45.194
1190.000	45.557
1204.000	46.301
1218.000	46.701
1232.000	47.082
1246.000	47.155
1260.000	47.936
1274.000	48.317
1288.000	48.698
1302.000	48.716
1316.000	49.333
1330.000	49.479
1344.000	49.860
1358.000	50.241
1372.000	50.677
1386.000	51.349
1400.000	51.458
1414.000	51.821
1428.000	52.202
1442.000	52.583
1456.000	52.946
1470.000	53.328
1484.000	54.072
1498.000	54.072
1512.000	54.472
1526.000	55.234
1540.000	55.543
1554.000	55.579
1568.000	55.942
1582.000	56.668
1596.000	56.668
1610.000	57.340
1624.000	57.776
1638.000	57.703
1652.000	58.466
1666.000	58.448
1680.000	58.811
1694.000	59.119
1708.000	59.828
1722.000	59.828
1736.000	60.209
1750.000	60.517
1764.000	60.862
1778.000	61.207
1792.000	61.552
1806.000	62.206
1820.000	62.188
1834.000	62.841
1848.000	62.823
1862.000	63.150
1876.000	63.459
1890.000	63.767
1904.000	64.112
1918.000	64.766
1932.000	65.093
1946.000	65.401
1960.000	65.710
1974.000	65.619
1988.000	66.345
2002.000	66.237
2016.000	66.545
2030.000	66.799
2044.000	67.090
2058.000	67.689
2072.000	68.016
2086.000	67.852
2100.000	68.125
2114.000	68.361
2128.000	68.924
2142.000	69.196
2156.000	68.996
2170.000	69.214
2184.000	69.359
2198.000	69.868
2212.000	69.977
2226.000	70.086
2240.000	69.886
2254.000	70.303
2268.000	70.031
2282.000	70.086
2296.000	70.449
2310.000	70.503
2324.000	70.521
2338.000	70.140
2352.000	70.104
2366.000	70.376
2380.000	70.376
2394.000	69.922
2408.000	70.194
2422.000	70.086
2436.000	69.577
2450.000	69.414
2464.000	69.250
2478.000	69.087
2492.000	69.250
2506.000	68.724
2520.000	68.506
2534.000	68.597
2548.000	68.016
2562.000	67.762
2576.000	67.871
2590.000	67.290
2604.000	67.435
2618.000	66.709
2632.000	66.836
2646.000	66.491
2660.000	65.819
2674.000	65.892
2688.000	65.202
2702.000	65.256
2716.000	64.548
2730.000	64.584
2744.000	63.858
2758.000	63.531
2772.000	63.132
2786.000	63.114
2800.000	62.424
2814.000	62.043
2828.000	62.079
2842.000	61.698
2856.000	60.935
2870.000	60.572
2884.000	60.172
2898.000	60.100
2912.000	59.737
2926.000	59.392
2940.000	58.593
2954.000	58.248
2968.000	58.194
2982.000	57.467
2996.000	57.522
3010.000	57.050
3025.000	56.559
3039.000	56.215
3053.000	55.779
3067.000	55.034
3081.000	54.689
3095.000	54.272
3109.000	53.872
3123.000	53.455
3137.000	53.110
3151.000	52.710
3165.000	52.710
3179.000	52.293
3193.000	51.857
3207.000	51.548
3221.000	51.149
3235.000	50.387
3249.000	49.987
3263.000	49.642
3277.000	49.243
3291.000	49.188
3305.000	48.462
3319.000	48.462
3333.000	47.754
3347.000	47.373
3361.000	47.373
3375.000	46.665
3389.000	46.265
3403.000	46.283
3417.000	45.539
3431.000	45.539
3445.000	44.831
3459.000	44.468
3473.000	44.141
3487.000	43.778
3501.000	43.778
3515.000	43.088
3529.000	42.743
3543.000	42.416
3557.000	42.489
3571.000	41.744
3585.000	41.835
3599.000	41.109
3613.000	41.091
3627.000	40.728
3641.000	40.129
3655.000	39.784
3669.000	39.838
3683.000	39.184
3697.000	39.239
3711.000	38.567
3725.000	38.585
3739.000	37.968
3753.000	37.659
3767.000	37.714
3781.000	37.623
3795.000	36.752
3809.000	36.824
3823.000	36.243
3837.000	35.971
3851.000	36.062
3865.000	35.753
3879.000	35.499
3893.000	35.281
3907.000	35.045
3921.000	34.773
3935.000	34.682
3949.000	34.409
3963.000	34.173
3977.000	33.592
3991.000	33.738
4005.000	33.266
4019.000	33.102
4033.000	33.356
4047.000	33.302
4061.000	33.139
4075.000	32.630
4089.000	32.558
4103.000	32.521
4117.000	32.884
4131.000	32.539
4145.000	32.503
4159.000	32.503
4173.000	32.576
4187.000	32.612
4201.000	32.685
4215.000	32.794
4229.000	32.903
4243.000	33.030
4257.000	33.465
4271.000	33.701
4285.000	33.484
4299.000	34.046
4313.000	34.137
4327.000	34.373
4341.000	34.573
4355.000	34.882
4369.000	35.045
4383.000	34.972
4397.000	35.227
4411.000	35.898
4425.000	35.789
4439.000	36.479
4453.000	36.407
4467.000	36.697
4481.000	37.387
4495.000	37.641
4509.000	37.678
4523.000	38.313
4537.000	38.622
4551.000	39.076
4565.000	39.039
4579.000	39.929
4593.000	40.129
4607.000	40.147
4621.000	40.492
4635.000	40.855
4649.000	41.581
4663.000	41.617
4677.000	41.999
4691.000	42.416
4705.000	43.142
4719.000	43.506
4733.000	43.560
4747.000	44.395
4761.000	44.359
4775.000	45.176
4789.000	45.140
4803.000	45.539
4817.000	45.920
4831.000	46.646
4845.000	46.737
4859.000	47.137
4873.000	47.536
4887.000	47.917
4901.000	48.644
4915.000	48.698
4929.000	49.079
4943.000	49.497
4957.000	49.878
4971.000	50.296
4985.000	50.986
4999.000	51.076
5013.000	51.440
5027.000	52.220
5041.000	52.238
5055.000	52.602
5069.000	53.019
5083.000	53.782
5097.000	54.163
5111.000	54.108
5125.000	54.508
5139.000	54.780
5153.000	55.634
5167.000	55.615
5181.000	56.342
5195.000	56.360
5209.000	56.687
5223.000	57.086
5237.000	57.467
5251.000	58.175
5265.000	58.538
5279.000	58.920
5293.000	58.865
5307.000	59.537
5321.000	59.555
5335.000	59.918
5349.000	60.263
5363.000	60.590
5377.000	61.316
5391.000	61.570
5405.000	61.970
5419.000	62.279
5433.000	62.642
5447.000	62.950
5461.000	62.914
5475.000	63.241
5489.000	63.858
5503.000	63.876
5517.000	64.530
5531.000	64.475
5545.000	65.165
5559.000	65.111
5573.000	65.438
5587.000	66.109
5601.000	66.019
5615.000	66.309
5629.000	66.963
5643.000	66.890
5657.000	67.507
5671.000	67.852
5685.000	68.016
5699.000	67.943
5713.000	68.197
5727.000	68.415
5741.000	68.633
5755.000	69.196
5769.000	69.051
5783.000	69.559
5797.000	69.341
5811.000	69.868
5825.000	69.613
5839.000	69.759
5853.000	70.140
5867.000	70.249
5881.000	69.958
5895.000	70.503
5909.000	70.394
5923.000	70.394
5937.000	70.049
5951.000	70.031
5965.000	69.940
5979.000	70.194
5993.000	69.813
6007.000	69.632
6021.000	69.613
6035.000	69.450
6049.000	69.759
6063.000	69.178
6077.000	69.051
6091.000	68.887
6105.000	68.688
6119.000	68.851
6133.000	68.288
6147.000	68.034
6161.000	68.088
6175.000	67.526
6189.000	67.616
6203.000	67.017
6217.000	67.144
6231.000	66.491
6245.000	66.164
6259.000	66.255
6273.000	65.565
6287.000	65.256
6301.000	64.929
6315.000	64.602
6329.000	64.276
6343.000	63.949
6357.000	63.967
6371.000	63.568
6385.000	62.914
6399.000	62.533
6413.000	62.515
6427.000	62.206
6441.000	61.752
6455.000	61.443
6469.000	61.062
6483.000	60.354
6497.000	59.955
6511.000	59.918
6525.000	59.192
6539.000	58.829
6553.000	58.793
6567.000	58.430
6581.000	57.649
6595.000	57.667
6609.000	56.904
6623.000	56.868
6637.000	56.069
6651.000	55.742
6665.000	55.670
6679.000	54.944
6693.000	54.544
6707.000	54.163
6721.000	54.108
6735.000	53.673
6749.000	52.983
6763.000	52.910
6777.000	52.547
6791.000	52.220
6805.000	51.440
6819.000	51.076
6833.000	50.677
6847.000	50.677
6861.000	49.951
6875.000	49.951
6889.000	49.515
6903.000	48.825
6917.000	48.771
6931.000	48.099
6945.000	48.044
6959.000	47.318
6973.000	46.991
6987.000	47.010
7001.000	46.265
7015.000	46.320
7029.000	45.557
7043.000	45.248
7057.000	45.230
7071.000	44.813
7085.000	44.559
7099.000	44.141
7113.000	43.850
7127.000	43.469
7141.000	43.124
7155.000	42.452
7169.000	42.144
7183.000	42.126
7197.000	41.871
7211.000	41.527
7225.000	41.109
7239.000	40.873
7253.000	40.201
7267.000	39.874
7281.000	39.566
7295.000	39.257
7309.000	38.948
7323.000	38.640
7337.000	38.694
7351.000	38.059
7365.000	38.095
7379.000	37.387
7393.000	37.514
7407.000	37.278
7421.000	37.006
7435.000	36.316
7449.000	36.080
7463.000	35.807
7477.000	35.844
7491.000	35.299
7505.000	35.408
7519.000	34.809
7533.000	34.555
7547.000	34.646
7561.000	34.119
7575.000	34.210
7589.000	34.137
7603.000	33.556
7617.000	33.375
7631.000	33.629
7645.000	33.120
7659.000	33.356
7673.000	32.921
7687.000	33.211
7701.000	32.775
7715.000	33.102
7729.000	32.975
7743.000	32.667
7757.000	32.685
7771.000	32.739
7785.000	33.102
7799.000	33.175
7813.000	32.903
7827.000	33.320
7841.000	33.102
7855.000	33.193
7869.000	33.629
7883.000	33.810
7897.000	33.683
7911.000	33.847
7925.000	34.518
7939.000	34.646
7953.000	34.845
7967.000	35.045
7981.000	35.227
7995.000	35.245
8009.000	35.463
8023.000	35.735
8037.000	36.044
8051.000	36.643
8065.000	36.624
8079.000	36.933
8093.000	37.587
8107.000	37.587
8121.000	38.404
8135.000	38.240
8149.000	38.967
8163.000	38.894
8177.000	39.275
8191.000	39.656
8205.000	40.292
8219.000	40.328
8233.000	40.710
8247.000	41.127
8261.000	41.472
8275.000	42.198
8289.000	42.235
8303.000	42.634
8317.000	43.015
8331.000	43.742
8345.000	44.141
8359.000	44.504
8373.000	44.904
8387.000	44.994
8401.000	45.684
8415.000	46.065
8429.000	46.174
8443.000	46.919
8457.000	46.937
8471.000	47.881
8485.000	47.718
8499.000	48.135
8513.000	48.952
8527.000	48.952
8541.000	49.333
8555.000	50.114
8569.000	50.132
8583.000	50.877
8597.000	51.258
8611.000	51.312
8625.000	51.657
8639.000	52.420
8653.000	52.819
8667.000	52.819
8681.000	53.237
8695.000	54.054
8709.000	54.000
8723.000	54.708
8737.000	55.089
8751.000	55.107
8765.000	55.470
8779.000	56.233
8793.000	56.632
8807.000	56.904
8821.000	57.286
8835.000	57.304
8849.000	57.667
8863.000	58.012
8877.000	58.774
8891.000	58.720
8905.000	59.410
8919.000	59.791
8933.000	59.773
8947.000	60.118
8961.000	60.463
8975.000	61.207
8989.000	61.135
9003.000	61.788
9017.000	61.770
9031.000	62.496
9045.000	62.460
9059.000	62.769
9073.000	63.077
9087.000	63.713
9101.000	64.040
9115.000	64.058
9129.000	64.748
9143.000	65.020
9157.000	65.292
9171.000	65.329
9185.000	65.619
9199.000	65.928
9213.000	66.654
9227.000	66.563
9241.000	67.235
9255.000	67.162
9269.000	67.417
9283.000	67.707
9297.000	68.343
9311.000	68.215
9325.000	68.833
9339.000	68.706
9353.000	68.960
9367.000	69.141
9381.000	69.359
9395.000	69.831
9409.000	69.722
9423.000	69.868
9437.000	69.995
9451.000	70.594
9465.000	70.194
9479.000	70.285
9493.000	70.685
9507.000	70.412
9521.000	70.757
9535.000	70.884
9549.000	70.449
9563.000	70.412
9577.000	70.394
9591.000	70.721
9605.000	70.213
9619.000	70.503
9633.000	70.394
9647.000	69.977
9661.000	70.231
9675.000	69.704
9689.000	69.541
9703.000	69.650
9717.000	69.141
9731.000	69.032
9745.000	69.105
9759.000	68.506
9773.000	68.633
9787.000	68.415
9801.000	67.816
9815.000	67.544
9829.000	67.271
9843.000	67.326
9857.000	67.017
9871.000	66.400
9885.000	66.454
9899.000	65.801
9913.000	65.474
9927.000	65.528
9941.000	65.202
9955.000	64.839
9969.000	64.494
9983.000	63.749
9997.000	63.785
10011.000	63.059
10025.000	63.114
10039.000	62.351
10053.000	62.333
10067.000	61.607
10081.000	61.516
10095.000	60.826
10109.000	60.463
10123.000	60.100
10137.000	60.100
10151.000	59.301
10165.000	59.283
10179.000	58.920
10193.000	58.466
10207.000	58.085
10221.000	57.376
10235.000	56.941
10249.000	56.904
10263.000	56.342
10277.000	55.797
10291.000	55.379
10305.000	55.016
10319.000	55.016
10333.000	54.526
10347.000	53.745
10361.000	53.891
10375.000	53.382
10389.000	52.983
10403.000	52.257
10417.000	52.275
10431.000	51.458
10445.000	51.113
10459.000	51.040
10473.000	50.278
10487.000	50.278
10501.000	49.951
10515.000	49.606
10529.000	48.807
10543.000	48.789
10557.000	48.426
10571.000	48.026
10585.000	47.355
10599.000	47.336
10613.000	46.592
10627.000	46.683
10641.000	45.866
10655.000	45.866
10669.000	45.140
10683.000	44.758
10697.000	44.450
10711.000	44.086
10725.000	43.742
10739.000	43.378
10753.000	43.433
10767.000	43.088
10781.000	42.689
10795.000	42.053
10809.000	41.690
10823.000	41.363
10837.000	41.036
10851.000	40.691
10865.000	40.401
10879.000	40.056
10893.000	39.765
10907.000	39.784
10921.000	39.439
10935.000	38.803
10949.000	38.567
10963.000	38.222
10977.000	37.914
10991.000	37.986
11005.000	37.678
11019.000	37.460
11033.000	36.788
11047.000	36.516
11061.000	36.225
11075.000	36.334
11089.000	36.007
11103.000	35.408
11117.000	35.172
11131.000	34.936
11145.000	35.099
11159.000	34.482
11173.000	34.664
11187.000	34.482
11201.000	33.901
11215.000	33.720
11229.000	33.611
11243.000	33.465
11257.000	33.393
11271.000	33.629
11285.000	33.175
11299.000	33.120
11313.000	33.084
11327.000	33.084
11341.000	33.048
11355.000	33.411
11369.000	33.429
11383.000	33.465
11397.000	33.175
11411.000	33.248
11425.000	33.338
11439.000	33.465
11453.000	33.919
11467.000	33.901
11481.000	33.883
11495.000	34.065
11509.000	34.246
11523.000	34.428
11537.000	34.646
11551.000	34.827
11565.000	35.390
11579.000	35.680
11593.000	35.898
11607.000	36.207
11621.000	36.098
11635.000	36.661
11649.000	36.661
11663.000	36.951
11677.000	37.260
11691.000	37.877
11705.000	38.277
11719.000	38.204
11733.000	38.567
11747.000	38.912
11761.000	39.257
11775.000	39.602
11789.000	39.965
11803.000	40.292
11817.000	40.655
11831.000	40.982
11845.000	41.418
11859.000	41.781
11873.000	42.507
11887.000	42.525
11901.000	43.269
11915.000	43.288
11929.000	44.232
11943.000	44.068
11957.000	44.795
11971.000	45.176
11985.000	45.230
11999.000	45.630
12013.000	46.029
12027.000	46.774
12041.000	46.810
12055.000	47.173
12069.000	47.572
12083.000	48.317
12097.000	48.353
12111.000	48.753
12125.000	49.170
12139.000	49.533
12153.000	50.296
12167.000	50.677
12181.000	51.131
12195.000	51.385
12209.000	51.494
12223.000	51.821
12237.000	52.238
12251.000	52.620
12265.000	53.382
12279.000	53.745
12293.000	54.145
12307.000	54.526
12321.000	54.544
12335.000	54.907
12349.000	55.234
12363.000	55.597
12377.000	56.305
12391.000	56.687
12405.000	56.705
12419.000	57.413
12433.000	57.431
12447.000	57.812
12461.000	58.557
12475.000	58.484
12489.000	58.847
12503.000	59.537
12517.000	59.519
12531.000	60.209
12545.000	60.536
12559.000	60.572
12573.000	61.244
12587.000	61.625
12601.000	61.570
12615.000	61.879
12629.000	62.242
12643.000	62.932
12657.000	62.860
12671.000	63.531
12685.000	63.531
12699.000	64.149
12713.000	64.185
12727.000	64.857
12741.000	65.183
12755.000	65.093
12769.000	65.746
12783.000	66.109
12797.000	66.019
12811.000	66.364
12825.000	66.636
12839.000	66.890
12853.000	67.181
12867.000	67.834
12881.000	67.725
12895.000	67.961
12909.000	68.615
12923.000	68.433
12937.000	68.669
12951.000	69.178
12965.000	69.468
12979.000	69.523
12993.000	69.741
13007.000	69.904
13021.000	69.650
13035.000	70.067
13049.000	69.850
13063.000	69.940
13077.000	70.013
13091.000	70.049
13105.000	70.412
13119.000	70.430
13133.000	70.467
13147.000	70.031
13161.000	70.322
13175.000	69.922
13189.000	70.249
13203.000	69.777
13217.000	69.668
13231.000	69.577
13245.000	69.813
13259.000	69.595
13273.000	69.396
13287.000	68.924
13301.000	68.724
13315.000	68.506
13329.000	68.306
13343.000	68.070
13357.000	68.125
13371.000	67.598
13385.000	67.326
13399.000	67.507
13413.000	67.108
13427.000	66.872
13441.000	66.527
13455.000	66.237
13469.000	66.019
13483.000	65.674
13497.000	64.966
13511.000	64.984
13525.000	64.294
13539.000	63.949
13553.000	63.640
13567.000	63.241
13581.000	62.932
13595.000	62.914
13609.000	62.569
13623.000	61.825
13637.000	61.462
13651.000	61.407
13665.000	60.735
13679.000	60.354
13693.000	59.955
13707.000	59.573
13721.000	59.210
13735.000	58.829
13749.000	58.448
13763.000	58.375
13777.000	57.631
13791.000	57.231
13805.000	56.832
13819.000	56.814
13833.000	56.087
13847.000	56.106
13861.000	55.361
13875.000	55.252
13889.000	54.853
13903.000	54.127
13917.000	54.127
13931.000	53.382
13945.000	52.965
13959.000	52.602
13973.000	52.602
13987.000	52.220
14001.000	51.440
14015.000	51.621
14029.000	51.058
14043.000	50.677
14057.000	49.914
14071.000	49.914
14085.000	49.152
14099.000	48.807
14113.000	48.807
14127.000	48.063
14141.000	47.699
14155.000	47.373
14169.000	46.991
14183.000	46.610
14197.000	46.265
14211.000	46.283
14225.000	45.866
14239.000	45.575
14253.000	44.849
14267.000	44.504
14281.000	44.159
14295.000	43.832
14309.000	43.487
14323.000	43.124
14337.000	42.761
14351.000	42.452
14365.000	42.089
14379.000	42.162
